45|25|4
45|109|5
45|118|4
45|763|2
45|473|3
45|472|3
45|127|5
45|121|4
45|1061|2
45|476|3
45|276|5
45|15|4
45|100|5
45|237|4
45|952|4
45|1|5
45|21|3
45|1060|3
45|108|4
45|823|4
45|225|4
45|762|4
45|934|2
45|820|4
45|756|2
45|50|5
45|596|3
45|411|3
45|13|5
45|288|3
45|597|3
45|257|5
45|1059|2
45|282|4
45|1001|3
45|7|3
45|151|2
45|926|3
45|111|4
45|278|3
45|742|4
45|284|4
45|845|4
45|181|4
45|24|3
45|826|3
45|764|4
45|993|4
53|281|4
53|24|3
53|174|5
53|845|3
53|924|3
53|228|3
53|100|5
53|181|4
53|199|5
53|250|2
53|258|4
53|748|2
53|121|4
53|64|5
53|568|4
53|118|4
53|546|4
53|96|4
53|628|5
53|1087|4
53|7|3
53|257|4
53|151|4
53|25|4
53|50|4
53|284|2
53|156|4
53|15|5
58|144|4
58|1098|4
58|1099|2
58|9|4
58|173|5
58|709|5
58|214|2
58|100|5
58|268|5
58|109|4
58|284|4
58|960|4
58|1100|2
58|272|5
58|45|5
58|475|5
58|42|4
58|1097|5
58|222|4
58|248|4
58|8|4
58|850|5
58|347|3
58|340|4
58|1106|4
58|663|2
58|156|5
58|237|4
58|246|5
58|425|5
58|568|4
58|480|3
58|20|1
58|813|5
58|204|4
58|1104|2
58|182|4
58|240|4
58|193|3
58|1069|2
58|275|5
58|654|5
58|283|1
58|64|5
58|950|1
58|1019|4
58|546|2
58|61|5
58|228|5
58|684|4
58|490|4
58|381|4
58|257|5
58|69|1
58|923|5
58|50|4
58|1102|1
58|483|5
58|150|4
58|198|3
58|955|4
58|318|3
58|123|4
58|558|5
58|195|4
58|216|3
58|1103|5
58|311|4
58|408|5
58|13|3
58|89|3
58|120|2
58|194|3
58|32|5
58|496|2
58|176|4
58|692|2
58|124|5
58|11|5
58|645|5
58|433|5
58|501|2
58|514|5
58|300|4
58|185|2
58|1101|5
58|310|4
58|652|5
58|741|2
58|171|5
58|172|5
58|1105|2
58|463|3
58|732|3
58|512|3
58|175|5
58|189|3
58|1089|1
58|70|4
58|209|5
58|116|5
58|1048|1
58|640|5
58|1012|4
58|269|4
58|474|4
58|127|4
58|1006|2
58|12|5
58|511|5
58|255|4
58|25|4
58|213|5
58|497|2
58|651|4
58|135|4
58|151|3
58|249|4
58|655|5
58|98|4
58|199|4
58|462|4
58|603|5
58|1084|4
58|181|3
58|773|4
58|367|5
58|405|2
58|210|4
58|169|4
58|1063|1
58|153|5
58|313|5
58|111|4
58|1070|4
58|137|5
58|121|2
58|1008|1
58|1|5
58|174|4
58|134|5
58|203|5
58|491|4
58|354|3
58|823|1
58|191|5
58|56|5
58|730|5
58|223|5
58|200|3
58|7|5
58|168|5
58|584|5
58|238|5
114|505|3
114|175|5
114|269|4
114|1104|5
114|195|4
114|204|3
114|191|3
114|157|2
114|183|5
114|507|3
114|496|4
114|182|3
114|654|3
114|520|3
114|482|4
114|100|5
114|640|2
114|210|3
114|96|3
114|186|3
114|179|5
114|89|5
114|56|3
114|156|4
114|655|3
114|855|3
114|318|3
114|176|5
114|180|3
114|679|2
114|646|4
114|197|4
114|485|3
114|483|4
114|357|4
114|659|4
114|615|2
114|474|5
114|168|3
114|98|4
114|153|3
114|135|4
114|224|3
114|522|5
114|200|3
114|172|5
114|171|4
114|527|3
160|234|5
160|174|5
160|135|4
160|719|3
160|460|2
160|462|4
160|160|5
160|430|5
160|56|5
160|117|4
160|187|5
160|3|3
160|126|3
160|93|5
160|124|4
160|1019|5
160|79|4
160|21|1
160|432|3
160|175|4
160|762|3
160|4|4
160|209|4
160|484|5
160|32|5
160|109|2
160|118|3
160|123|4
160|926|2
160|463|4
160|161|3
160|1223|4
160|24|5
160|693|5
160|604|4
160|447|4
160|228|2
160|328|3
160|475|5
160|564|3
160|137|4
160|23|5
160|7|3
160|230|2
160|544|4
160|218|4
160|603|4
160|1|4
160|50|4
160|1073|4
160|1016|4
160|969|1
160|864|1
160|412|3
160|405|3
160|844|3
160|640|3
160|169|4
160|182|5
160|13|4
160|100|5
160|1012|5
160|273|5
160|531|5
160|671|5
160|248|5
160|410|4
160|455|4
160|202|4
160|474|4
160|770|4
160|201|5
160|508|5
160|1197|4
160|282|4
160|933|3
160|293|5
160|185|5
160|15|2
160|763|4
160|240|4
160|192|5
160|168|4
160|151|4
160|153|3
160|195|4
160|922|5
160|514|4
160|461|5
160|825|2
160|285|4
160|483|5
160|589|3
160|211|4
160|276|5
160|1142|5
160|237|3
160|497|4
160|61|4
160|1134|4
160|150|4
160|955|4
160|213|4
160|11|4
160|458|5
160|129|4
160|157|5
160|55|4
160|408|4
160|59|4
160|628|3
160|832|1
160|288|5
160|302|5
160|250|4
160|9|3
160|325|3
160|488|5
160|952|4
160|127|5
177|333|4
177|321|2
177|69|1
177|243|1
177|203|4
177|209|4
177|56|5
177|299|4
177|960|3
177|79|4
177|919|4
177|651|3
177|89|5
177|124|3
177|1039|3
177|300|2
177|87|4
177|182|5
177|1|3
177|271|2
177|150|4
177|175|5
177|179|5
177|318|4
177|197|4
177|245|3
177|289|2
177|260|2
177|195|4
177|276|5
177|948|2
177|196|3
177|403|5
177|47|3
177|508|4
177|1067|4
177|878|1
177|336|2
177|100|5
177|270|1
177|334|3
177|22|4
177|172|5
177|338|3
177|198|4
177|168|4
177|433|4
177|475|4
177|689|3
177|470|5
177|294|4
177|59|4
177|23|5
177|154|4
177|421|3
177|343|3
177|161|3
177|806|4
177|654|4
177|12|5
177|693|4
177|121|2
177|55|3
177|358|2
177|223|4
177|50|5
177|153|4
177|92|4
177|268|3
177|11|4
177|176|4
177|469|4
177|200|4
177|628|2
177|568|3
177|135|5
177|217|3
177|963|4
177|173|4
177|64|4
177|1218|4
177|288|5
177|292|3
177|527|4
177|322|2
177|186|4
177|258|3
177|60|4
177|216|4
177|302|4
177|129|3
177|340|4
177|7|4
177|642|4
177|324|4
177|181|4
177|96|3
177|1110|3
177|678|3
177|183|4
177|307|4
177|748|3
177|127|5
177|174|4
177|327|3
177|210|4
177|144|5
177|98|5
177|156|5
177|42|4
177|238|3
177|187|4
177|204|3
177|160|4
177|221|3
222|366|4
222|750|5
222|755|4
222|118|4
222|77|4
222|724|3
222|151|3
222|97|4
222|278|2
222|781|3
222|812|2
222|26|3
222|173|5
222|49|3
222|796|4
222|448|3
222|379|1
222|53|5
222|87|3
222|22|5
222|106|2
222|1041|3
222|88|4
222|148|2
222|552|2
222|1057|4
222|1042|4
222|1044|4
222|1284|4
222|441|2
222|1207|2
222|29|3
222|135|5
222|157|4
222|323|3
222|153|4
222|298|4
222|172|5
222|210|4
222|25|3
222|426|1
222|1053|3
222|715|2
222|69|5
222|58|3
222|1078|2
222|939|3
222|217|3
222|433|4
222|554|2
222|501|2
222|164|4
222|250|2
222|700|3
222|739|4
222|293|3
222|93|2
222|231|2
222|1239|2
222|972|2
222|756|4
222|155|4
222|436|4
222|577|1
222|550|3
222|96|5
222|1226|4
222|413|3
222|313|4
222|234|2
222|40|1
222|182|4
222|829|3
222|1089|1
222|672|1
222|94|3
222|419|2
222|364|1
222|411|3
222|4|3
222|689|4
222|815|2
222|946|2
222|401|2
222|62|4
222|232|4
222|449|4
222|819|2
222|7|5
222|780|3
222|125|5
222|529|2
222|368|1
222|1438|4
222|144|5
222|783|2
222|280|3
222|357|4
222|247|1
222|8|1
222|432|3
222|527|4
222|239|5
222|722|3
222|670|3
222|768|2
222|196|5
222|949|3
222|746|5
222|288|4
222|9|5
222|142|2
222|665|1
222|268|4
222|869|3
222|202|4
222|944|3
222|931|1
222|12|5
222|1267|3
222|92|3
222|204|5
222|840|3
222|1179|1
222|240|2
222|395|1
222|849|4
222|276|5
222|82|4
222|399|4
222|1054|1
222|160|1
222|71|4
222|15|3
222|452|1
222|1059|1
222|385|4
222|252|2
222|895|4
222|810|2
222|471|3
222|200|3
222|409|3
222|1419|1
222|302|3
222|662|3
222|1|4
222|719|1
222|658|3
222|161|4
222|2|3
222|1029|1
222|81|1
222|300|5
222|568|5
222|218|5
222|127|5
222|373|3
222|591|4
222|833|2
222|159|3
222|281|3
222|261|1
222|222|4
222|70|3
222|120|2
222|763|3
222|403|3
222|808|3
222|215|4
222|248|4
222|111|3
222|270|2
222|825|3
222|1218|1
222|318|5
222|233|2
222|183|4
222|450|3
222|636|4
222|407|2
222|623|2
222|540|3
222|89|5
222|772|2
222|769|2
222|229|3
222|63|3
222|475|4
222|24|3
222|80|2
222|679|2
222|209|4
222|651|4
222|367|2
222|208|3
222|282|4
222|121|3
222|546|3
222|79|5
222|378|1
222|216|4
222|176|4
222|735|5
222|41|3
222|729|4
222|73|4
222|228|5
222|186|5
222|1016|3
222|521|5
222|31|5
222|388|2
222|238|5
222|506|2
222|806|4
222|271|4
222|257|4
222|473|1
222|710|4
222|723|3
222|227|3
222|214|4
222|845|3
222|132|2
222|396|1
222|941|3
222|549|4
222|655|4
222|391|3
222|468|2
222|338|1
222|11|5
222|1139|3
222|284|3
222|569|2
222|1011|4
222|175|3
222|732|4
222|168|4
222|1336|2
222|102|2
222|375|1
222|580|3
222|95|4
222|365|4
222|576|3
222|642|3
222|559|3
222|1074|3
222|392|4
222|28|5
222|326|4
222|620|3
222|66|4
222|1087|1
222|1178|2
222|508|3
222|826|2
222|929|1
222|225|1
222|578|3
222|712|3
222|44|3
222|328|5
222|934|2
222|1060|2
222|181|4
222|693|4
222|158|3
222|619|4
222|219|4
222|424|1
222|1188|3
222|716|2
222|816|1
222|191|2
222|377|1
222|451|3
222|747|2
222|678|3
222|571|2
222|180|3
222|294|3
222|56|5
222|1066|1
222|145|2
222|393|4
222|51|3
222|1440|3
222|418|2
222|386|2
222|226|3
222|585|3
222|1045|3
222|422|2
222|742|5
222|402|4
222|476|3
222|156|4
222|1035|2
222|363|2
222|109|3
222|185|4
222|237|4
222|68|4
222|78|1
222|627|3
222|195|4
222|154|3
222|140|1
222|477|2
222|246|4
222|470|3
222|717|1
222|455|3
222|356|4
222|575|3
222|1220|4
222|537|4
222|255|3
222|654|3
222|541|2
222|117|5
222|99|3
222|1439|3
222|258|5
222|150|3
222|770|3
222|91|2
222|67|4
222|167|3
222|100|5
222|54|4
222|188|3
222|588|4
222|542|2
222|412|1
222|637|2
222|596|3
222|734|2
222|17|2
222|446|3
222|1079|1
222|50|4
222|101|4
222|38|2
222|358|2
222|198|4
222|692|4
222|147|4
222|423|4
222|265|3
222|249|1
222|738|3
222|457|1
222|174|5
222|193|4
222|48|5
222|35|1
222|72|4
222|90|2
222|566|4
222|628|5
222|98|4
222|431|4
222|245|3
222|790|1
222|472|2
222|1145|3
222|380|4
222|333|5
222|685|4
222|1250|1
222|230|4
222|223|4
222|465|2
222|597|1
222|1291|2
222|162|2
222|64|5
222|1206|2
222|410|2
222|405|3
222|762|3
222|241|3
222|133|1
283|1114|5
283|432|5
283|845|4
283|83|4
283|186|5
283|70|4
283|588|4
283|627|4
283|42|5
283|24|4
283|216|4
283|709|5
283|659|5
283|238|5
283|210|5
283|407|3
283|288|2
283|455|4
283|50|5
283|125|5
283|95|5
283|1487|2
283|676|3
283|209|4
283|194|4
283|435|5
283|175|4
283|202|5
283|168|5
283|49|4
283|625|3
283|21|3
283|294|4
283|409|4
283|208|5
283|820|4
283|393|4
283|56|5
283|151|4
283|1079|4
283|204|4
283|433|4
283|866|3
283|412|5
283|91|5
283|1009|3
283|100|4
283|211|4
283|291|2
283|173|5
283|732|4
283|109|4
283|71|4
285|191|4
285|269|4
285|150|5
285|151|5
285|216|3
285|288|5
285|628|2
285|538|5
285|168|4
285|313|5
285|902|4
285|276|4
285|455|4
285|682|4
285|514|3
285|237|4
285|302|5
285|198|5
285|100|4
285|346|4
285|205|4
285|222|4
285|357|5
285|194|4
285|258|2
285|300|4
285|270|4
285|64|3
285|319|3
285|183|4
285|185|3
285|286|3
300|948|4
300|243|4
300|322|4
300|328|3
300|261|3
300|872|5
300|257|4
300|100|3
300|456|4
300|876|5
300|288|4
300|300|4
300|409|4
300|264|1
300|881|5
300|833|4
300|1094|5
300|294|3
300|687|2
300|1012|4
305|451|3
305|427|5
305|117|2
305|471|4
305|214|2
305|425|4
305|71|3
305|654|4
305|512|4
305|483|5
305|79|3
305|11|1
305|50|5
305|189|5
305|187|4
305|61|4
305|960|1
305|923|5
305|529|5
305|186|4
305|347|3
305|203|4
305|15|1
305|87|1
305|238|3
305|209|5
305|679|3
305|56|1
305|131|3
305|216|5
305|14|4
305|403|2
305|302|4
305|210|3
305|1411|3
305|169|5
305|610|3
305|257|2
305|76|1
305|733|3
305|947|4
305|1101|4
305|338|3
305|212|3
305|298|4
305|192|2
305|151|4
305|806|3
305|943|2
305|357|5
305|638|5
305|52|2
305|156|4
305|245|1
305|249|3
305|660|4
305|602|3
305|154|4
305|239|3
305|557|4
305|178|4
305|482|2
305|188|2
305|511|4
305|204|2
305|100|3
305|174|3
305|385|1
305|530|5
305|190|3
305|134|5
305|305|3
305|81|3
305|129|3
305|268|3
305|258|4
305|272|3
305|778|4
305|1456|4
305|655|4
305|83|3
305|289|4
305|207|5
305|921|5
305|550|3
305|7|4
305|175|4
305|405|3
305|201|3
305|246|3
305|423|4
305|98|4
305|856|5
305|527|5
305|237|2
305|183|4
305|1104|4
305|963|4
305|96|3
305|628|4
305|12|5
305|904|4
305|582|4
305|200|3
305|748|3
305|690|4
305|163|3
305|88|2
305|168|4
305|1513|2
305|479|3
305|1015|1
305|153|3
305|631|3
305|971|4
305|327|3
305|64|5
305|121|3
305|180|4
305|170|4
305|195|3
305|286|4
305|792|4
305|16|3
305|223|4
305|215|2
305|317|4
305|1073|1
305|735|4
305|480|5
305|70|4
305|941|2
305|793|5
305|135|3
305|251|5
305|1512|3
305|181|4
305|199|4
305|686|3
305|184|3
305|202|3
305|751|3
305|91|2
305|315|5
305|664|2
305|42|4
305|171|5
305|179|1
305|770|3
305|282|3
305|1485|3
305|196|4
305|165|4
305|845|3
305|48|5
305|143|3
305|433|2
305|144|2
305|172|4
305|269|4
305|708|3
305|1|5
305|300|3
305|684|3
305|382|5
305|713|4
305|198|4
305|287|3
305|191|3
305|709|5
305|408|5
305|1074|2
305|89|3
305|528|4
305|478|3
305|285|5
305|431|4
305|749|2
305|1018|5
305|2|2
305|597|2
305|160|4
305|166|4
305|486|5
305|863|4
305|197|2
305|729|3
305|176|4
305|33|3
305|474|5
305|275|2
305|318|3
305|326|2
305|475|4
305|86|4
305|428|3
305|464|3
305|13|3
305|49|3
305|505|3
305|462|5
305|60|3
305|228|2
305|59|3
305|469|2
305|66|3
305|663|3
305|865|3
305|650|4
305|45|5
305|961|3
305|222|2
305|311|5
305|485|2
305|69|3
305|242|5
305|127|5
305|97|4
305|173|3
305|566|3
305|484|3
305|1286|5
404|687|3
404|333|2
404|269|4
404|327|2
404|748|4
404|892|2
404|294|4
404|313|5
404|328|4
404|342|3
404|243|3
404|259|5
404|289|1
404|343|1
404|258|4
404|331|3
404|1238|3
404|739|4
404|348|3
404|678|4
404|300|4
404|332|4
404|270|4
404|302|4
404|22|5
404|754|3
404|879|3
404|901|2
404|310|4
404|690|5
404|307|4
404|683|4
404|689|2
404|245|3
404|66|4
404|323|3
404|750|3
404|272|4
404|938|4
404|286|1
404|876|2
404|339|1
404|301|3
404|288|3
414|100|5
414|264|3
414|294|2
414|678|1
414|310|4
414|300|4
414|272|5
414|346|5
414|258|5
414|260|3
414|301|3
414|302|5
414|325|3
414|343|2
414|690|4
414|748|3
414|340|4
414|886|4
414|288|5
414|324|4
414|313|4
414|895|4
414|11|5
414|433|5
414|270|5
470|475|4
470|1097|3
470|294|3
470|824|4
470|544|3
470|268|2
470|919|3
470|950|3
470|546|4
470|93|4
470|221|4
470|293|4
470|246|2
470|952|3
470|19|4
470|295|3
470|288|4
470|813|3
470|137|3
470|285|3
470|847|3
470|50|5
470|125|4
470|284|4
470|100|4
470|118|4
470|508|5
470|248|3
470|458|4
470|1067|4
470|1|3
470|150|5
470|283|5
470|471|5
470|235|3
470|7|3
470|257|4
470|13|4
470|360|2
470|181|4
470|276|5
470|9|5
470|286|4
470|258|4
470|1134|4
470|1084|3
470|319|3
470|305|4
470|129|3
470|273|3
470|874|3
470|222|3
470|291|2
470|277|4
470|327|3
470|742|4
470|124|3
514|96|5
514|15|4
514|429|4
514|746|5
514|328|3
514|189|5
514|47|4
514|402|4
514|175|4
514|302|5
514|748|2
514|269|4
514|609|4
514|179|4
514|83|5
514|344|3
514|150|3
514|558|4
514|4|4
514|1|5
514|11|4
514|45|4
514|307|4
514|423|5
514|318|4
514|204|5
514|243|2
514|682|4
514|408|5
514|1014|2
514|732|5
514|336|1
514|659|3
514|750|4
514|367|5
514|392|4
514|1035|3
514|42|5
514|58|4
514|170|3
514|210|5
514|715|4
514|380|4
514|239|5
514|658|4
514|357|4
514|257|4
514|69|4
514|709|3
514|135|4
514|405|2
514|651|4
514|14|3
514|729|4
514|510|3
514|631|4
514|109|3
514|735|4
514|275|5
514|531|3
514|483|4
514|988|2
514|713|3
514|70|5
514|680|1
514|470|3
514|65|3
514|792|4
514|178|4
514|228|5
514|73|4
514|28|5
514|19|4
514|214|5
514|258|4
514|186|4
514|132|4
514|293|3
514|181|4
514|136|4
514|473|3
514|215|4
514|313|5
514|200|2
514|259|4
514|301|4
514|647|3
514|486|3
514|283|4
514|342|1
514|527|4
514|156|4
514|435|3
514|431|4
514|385|3
514|582|4
514|393|3
514|403|3
514|890|1
514|652|4
514|26|3
514|169|5
514|173|5
514|7|5
514|430|4
514|48|4
514|172|4
514|1160|4
514|10|4
514|174|5
514|31|4
514|294|3
514|64|4
514|425|5
514|229|3
514|194|4
514|747|4
514|197|4
514|462|4
514|97|5
514|116|4
514|1047|3
514|183|3
514|234|3
514|154|4
514|13|3
514|211|3
514|202|4
514|25|4
514|384|3
514|50|5
514|587|4
514|648|3
514|49|2
514|216|5
514|191|5
514|176|4
514|152|4
514|111|5
514|95|4
514|144|3
514|1039|5
514|511|3
514|655|4
514|208|4
514|1074|4
514|79|4
514|419|4
514|209|3
514|272|4
514|168|4
514|22|4
514|88|4
514|81|4
514|185|3
514|1115|4
514|1600|4
514|949|3
514|306|4
514|12|5
514|24|3
514|89|4
514|180|3
514|778|4
514|710|5
514|157|4
514|195|5
514|796|4
514|898|2
514|134|3
514|265|4
514|474|5
514|274|4
514|118|2
514|188|5
514|177|3
514|137|3
514|100|4
514|237|4
514|68|4
514|98|5
514|268|4
514|87|5
514|222|4
514|199|3
514|568|4
514|114|5
514|190|5
514|153|4
514|432|4
514|196|5
514|1101|4
514|421|4
514|433|5
551|684|5
551|578|5
551|756|1
551|405|3
551|552|3
551|13|1
551|690|5
551|365|5
551|864|5
551|286|4
551|458|2
551|31|4
551|950|2
551|260|5
551|576|2
551|223|4
551|292|3
551|581|5
551|181|2
551|22|5
551|132|5
551|561|5
551|318|5
551|274|2
551|237|4
551|582|5
551|91|1
551|316|5
551|566|5
551|121|5
551|161|5
551|50|2
551|135|5
551|616|5
551|15|5
551|959|5
551|307|4
551|742|5
551|238|5
551|185|5
551|355|4
551|203|5
551|746|5
551|340|4
551|62|5
551|1267|4
551|343|4
551|241|4
551|991|2
551|1518|4
551|193|5
551|755|4
551|127|5
551|43|2
551|423|1
551|692|4
551|944|2
551|955|3
551|25|1
551|471|5
551|273|4
551|719|1
551|1067|2
551|1087|1
551|748|4
551|2|2
551|550|5
551|698|4
551|317|5
551|651|4
551|447|5
551|384|1
551|1207|1
551|808|3
551|1314|2
551|79|5
551|42|5
551|715|1
551|780|5
551|334|4
551|354|3
551|56|5
551|846|3
551|1035|2
551|291|4
551|658|5
551|825|5
551|268|4
551|527|5
551|98|5
551|1079|1
551|912|3
551|234|4
551|222|5
551|174|4
551|240|3
551|183|4
551|12|4
551|1376|1
551|827|5
551|479|3
551|975|5
551|156|5
551|875|4
551|80|1
551|717|3
551|118|5
551|591|5
551|172|2
551|505|5
551|1169|4
551|421|4
551|402|4
551|38|1
551|476|5
551|230|5
551|431|4
551|693|5
551|979|4
551|3|5
551|455|1
551|5|4
551|332|4
551|157|4
551|313|4
551|176|4
551|180|5
551|76|4
551|917|3
551|943|5
551|728|2
551|685|1
551|595|2
551|70|4
551|544|4
551|696|2
551|144|5
551|554|5
551|217|1
551|1217|1
551|328|5
551|272|5
551|90|1
551|331|5
551|24|5
551|1419|1
551|11|5
551|216|5
551|849|5
551|117|5
551|710|5
551|235|1
551|188|5
551|55|5
551|282|5
551|747|3
551|44|4
551|627|3
551|195|5
551|572|1
551|315|5
551|95|5
551|227|5
551|1047|4
551|735|5
551|68|2
551|182|5
551|186|5
551|356|4
551|411|1
551|198|5
551|150|3
551|708|1
551|204|4
551|762|5
551|1139|4
551|1443|5
551|924|5
551|774|5
551|448|4
551|739|4
551|72|5
551|1135|5
551|77|3
551|324|3
551|66|2
551|732|4
551|73|2
551|88|4
551|1621|1
551|346|4
551|28|4
551|351|3
551|147|4
551|164|4
551|751|4
551|232|5
551|288|4
551|202|4
551|205|5
551|809|5
551|761|1
551|410|5
551|603|5
551|763|5
551|177|5
551|92|5
551|779|4
551|802|4
551|1011|5
551|518|4
551|1059|3
551|26|4
551|187|5
551|1039|4
551|468|5
551|71|4
551|7|5
551|461|3
551|470|5
551|796|4
551|597|4
551|570|4
551|596|5
551|357|5
551|281|5
551|168|5
551|460|3
551|159|4
551|69|4
551|636|5
551|84|1
551|451|1
551|294|4
551|363|4
551|1028|4
551|226|5
551|128|4
551|508|4
551|34|4
551|824|1
551|111|5
551|386|1
551|100|4
551|415|4
551|673|4
551|40|1
551|67|5
551|655|5
551|531|5
551|1304|1
551|209|5
551|1253|2
551|1044|3
551|97|5
551|587|4
551|720|2
551|433|5
551|393|5
551|125|4
551|310|4
551|284|4
551|770|2
551|640|4
551|280|3
551|64|5
551|509|4
551|1136|5
551|196|5
551|1439|5
551|559|5
551|380|3
551|1220|5
551|326|4
551|9|5
551|162|5
551|54|3
551|385|5
551|155|4
551|264|3
551|82|5
551|765|1
551|218|5
551|184|1
551|153|3
551|219|5
551|228|5
551|1303|1
551|520|4
551|210|4
551|200|4
551|333|5
551|721|5
551|300|4
551|1051|4
551|265|4
551|672|1
551|1118|5
551|760|3
551|211|5
551|143|4
551|33|5
551|727|5
551|17|5
551|399|3
551|276|5
551|568|4
551|51|5
551|229|5
551|628|5
551|49|3
551|660|3
551|941|4
551|475|5
551|4|2
551|85|1
551|89|4
551|245|3
551|790|2
551|96|5
551|215|4
551|366|5
551|686|3
551|302|3
551|546|2
551|895|3
551|233|4
551|833|3
551|58|5
551|583|3
551|192|5
551|258|4
551|403|3
551|926|2
595|1264|2
595|1067|4
595|1134|5
595|289|4
595|1059|4
595|825|2
595|1094|3
595|928|3
595|742|2
595|763|3
595|129|3
595|597|2
595|368|1
595|291|3
595|1009|4
595|15|4
595|369|3
595|282|4
595|994|4
595|930|2
595|926|1
595|591|4
595|1259|3
595|255|3
595|762|4
595|237|3
595|678|1
595|508|5
595|1312|3
595|268|4
595|1061|3
595|151|5
595|929|2
595|324|3
595|922|4
595|330|4
595|844|4
595|411|3
595|294|2
595|824|3
595|181|5
595|880|3
595|820|2
595|9|4
595|109|2
595|475|5
595|1023|1
595|358|2
595|952|5
595|748|2
595|246|4
595|346|4
595|298|4
595|235|3
595|304|3
595|1165|1
595|546|4
595|544|3
595|293|4
595|325|3
595|948|3
595|222|3
595|864|4
595|336|2
595|14|5
595|258|4
595|3|4
595|275|4
595|288|3
595|826|1
595|815|3
595|744|3
595|240|3
595|273|3
595|1142|5
595|410|4
595|845|3
595|111|4
595|50|5
595|717|2
595|121|2
595|472|3
595|274|3
595|460|4
595|1028|3
595|979|3
595|871|2
595|127|5
595|1010|4
595|676|2
595|290|4
595|986|2
595|100|4
595|547|4
595|1047|2
595|108|2
603|21|3
603|230|4
603|174|3
603|173|4
603|11|5
603|172|5
603|931|2
603|157|1
603|100|4
603|181|5
603|748|5
603|429|5
603|380|4
603|923|4
603|183|4
603|229|4
603|1240|5
603|385|4
603|1483|5
603|271|2
603|12|5
603|294|4
603|449|4
603|62|2
603|419|2
603|216|4
603|176|2
603|747|3
603|751|4
603|180|4
603|450|3
603|222|4
603|313|5
603|988|4
603|22|4
603|326|4
603|210|4
603|250|5
603|228|3
603|50|5
603|273|1
603|89|5
603|227|3
603|474|4
603|288|3
603|7|5
603|56|4
606|123|3
606|418|5
606|15|5
606|241|3
606|186|5
606|147|5
606|473|4
606|1110|2
606|620|4
606|96|5
606|210|3
606|763|5
606|124|3
606|95|4
606|197|3
606|11|5
606|228|5
606|966|5
606|287|4
606|1277|3
606|258|4
606|756|3
606|64|5
606|760|3
606|746|5
606|33|4
606|288|4
606|22|5
606|7|4
606|421|4
606|530|4
606|265|4
606|410|3
606|423|5
606|549|4
606|455|2
606|31|4
606|660|5
606|483|5
606|144|4
606|28|4
606|1518|4
606|1039|4
606|214|4
606|432|5
606|928|4
606|709|5
606|132|5
606|68|5
606|172|5
606|225|1
606|150|4
606|83|5
606|89|5
606|203|5
606|125|4
606|161|4
606|993|5
606|174|5
606|153|3
606|42|3
606|1280|2
606|56|5
606|208|3
606|562|4
606|748|3
606|191|5
606|239|4
606|628|4
606|157|4
606|1190|3
606|71|5
606|25|5
606|925|4
606|135|5
606|326|4
606|194|4
606|313|5
606|729|4
606|176|5
606|428|3
606|216|5
606|749|4
606|91|5
606|200|5
606|183|5
606|298|4
606|69|4
606|477|4
606|248|5
606|427|4
606|419|4
606|117|4
606|507|4
606|195|5
606|816|2
606|48|4
606|151|5
606|939|4
606|647|3
606|175|4
606|99|4
606|531|5
606|747|4
606|250|4
606|841|3
606|237|4
606|924|5
606|1199|3
606|662|4
606|222|3
606|498|4
606|100|5
606|652|3
606|1047|2
606|1010|3
606|1151|3
606|121|4
606|103|3
606|491|4
606|138|3
606|685|3
606|845|4
606|435|4
606|93|4
606|12|2
606|655|4
606|471|4
606|24|5
606|129|3
606|307|4
606|196|4
606|735|5
606|537|2
606|168|5
606|3|5
606|385|4
606|179|5
606|508|4
606|969|5
606|405|4
606|1055|4
606|55|4
606|963|5
606|173|5
606|260|3
606|678|3
606|206|4
606|806|5
606|234|4
606|88|4
606|187|4
606|294|2
606|238|4
606|333|5
606|108|1
606|684|3
606|585|4
606|111|4
606|281|4
606|293|5
606|568|4
606|249|3
606|209|4
606|148|3
606|596|4
606|156|4
606|717|3
606|619|4
606|501|4
606|919|2
606|825|5
606|181|5
606|50|5
606|204|4
606|257|5
606|202|4
606|475|4
606|468|4
606|211|5
606|516|4
606|959|5
606|282|4
606|844|4
606|1016|3
606|942|4
606|827|3
606|118|4
606|591|3
606|451|3
606|81|3
606|127|4
606|284|4
606|98|5
606|651|4
606|323|4
606|230|2
606|255|5
606|8|2
606|201|4
606|215|4
606|38|4
606|82|5
606|273|4
606|833|5
606|1|5
606|637|3
606|404|4
606|79|3
606|713|4
606|472|4
606|527|4
606|1011|3
606|180|4
606|63|3
606|951|2
606|154|3
606|546|4
606|236|3
606|58|3
606|184|5
606|441|4
606|185|3
606|235|3
606|198|4
606|188|4
606|1065|5
606|588|5
606|1149|4
606|393|4
606|87|4
606|692|5
606|178|5
606|926|3
606|576|3
606|97|5
622|2|4
622|845|3
622|797|2
622|106|2
622|756|3
622|284|1
622|993|4
622|730|4
622|755|4
622|479|4
622|12|5
622|283|4
622|11|4
622|30|4
622|240|3
622|519|3
622|196|3
622|120|1
622|521|5
622|105|3
622|194|4
622|693|4
622|168|4
622|367|4
622|72|3
622|66|3
622|364|1
622|373|1
622|252|1
622|780|4
622|132|4
622|722|3
622|432|5
622|1303|2
622|15|4
622|165|5
622|1|3
622|1552|2
622|568|4
622|542|2
622|144|5
622|82|3
622|56|5
622|1207|2
622|855|3
622|50|5
622|472|3
622|298|4
622|47|3
622|46|4
622|705|3
622|166|5
622|737|5
622|558|2
622|577|2
622|552|2
622|380|4
622|685|2
622|157|4
622|809|2
622|1039|5
622|142|3
622|408|5
622|496|4
622|449|2
622|212|3
622|403|4
622|143|4
622|597|5
622|89|5
622|118|1
622|250|4
622|233|4
622|217|4
622|385|5
622|215|3
622|31|3
622|64|5
622|949|3
622|433|4
622|67|1
622|550|4
622|184|5
622|214|4
622|294|3
622|679|3
622|86|4
622|28|3
622|90|4
622|94|2
622|833|4
622|156|5
622|795|2
622|395|2
622|169|5
622|1079|2
622|277|4
622|83|5
622|553|3
622|222|5
622|1181|4
622|101|5
622|1074|2
622|396|1
622|402|3
622|100|5
622|866|2
622|206|1
622|41|3
622|423|3
622|405|4
622|1078|3
622|204|3
622|674|2
622|70|3
622|209|5
622|482|3
622|1408|1
622|111|4
622|121|1
622|49|3
622|511|4
622|280|3
622|1203|3
622|162|3
622|210|3
622|581|4
622|484|3
622|253|3
622|588|4
622|213|5
622|125|3
622|202|4
622|207|5
622|99|4
622|159|3
622|135|4
622|183|4
622|781|3
622|174|4
622|1407|1
622|721|4
622|248|4
622|8|4
622|665|2
622|1060|3
622|98|5
622|586|3
622|404|3
622|532|3
622|96|5
622|375|2
622|227|3
622|934|2
622|195|5
622|506|3
622|625|3
622|434|4
622|419|4
622|1016|3
622|29|4
622|808|3
622|451|4
622|22|4
622|80|3
622|386|3
622|173|5
622|480|4
622|79|5
622|230|3
622|1216|4
622|363|4
622|257|3
622|763|4
622|95|4
622|541|2
622|450|1
622|153|4
622|229|2
622|24|4
622|578|4
622|175|4
622|739|2
622|4|4
622|9|4
622|88|3
622|127|5
622|117|4
622|418|3
622|1419|2
622|69|4
622|190|4
622|154|4
622|1411|4
622|1230|1
622|7|5
622|231|4
622|198|4
622|431|5
622|226|4
622|1228|1
622|725|3
622|172|5
622|427|4
622|176|4
622|218|3
622|719|2
622|249|5
622|977|2
622|3|1
622|109|5
622|391|2
622|161|3
622|228|5
622|501|3
622|1149|3
622|742|3
622|769|1
622|978|2
622|178|4
622|1406|3
622|62|4
622|276|4
622|181|5
622|185|3
622|1231|2
622|199|5
622|474|3
625|748|3
625|739|3
625|172|4
625|96|5
625|258|4
625|151|3
625|428|5
625|692|3
625|602|3
625|166|3
625|209|3
625|169|5
625|188|4
625|213|4
625|546|2
625|265|3
625|248|4
625|195|4
625|222|4
625|183|3
625|584|3
625|528|3
625|191|3
625|179|4
625|433|3
625|214|4
625|945|3
625|647|4
625|255|2
625|483|5
625|480|4
625|134|4
625|588|4
625|202|3
625|190|3
625|250|4
625|173|3
625|357|3
625|154|3
625|403|3
625|257|4
625|517|3
625|516|3
625|208|3
625|393|4
625|181|4
625|380|3
625|640|3
625|405|3
625|168|3
625|23|4
625|498|4
625|144|4
625|655|3
625|603|4
625|286|4
625|254|3
625|238|4
625|1020|3
625|514|3
625|212|3
625|408|4
625|235|3
625|484|4
625|210|3
625|216|4
625|678|3
625|4|4
625|100|3
625|22|3
625|423|4
625|174|4
625|204|3
625|283|3
625|294|3
625|751|4
625|1016|2
625|522|3
625|192|2
625|91|4
625|176|4
625|519|2
625|121|3
625|476|2
625|385|4
625|25|2
625|95|3
625|654|3
625|855|4
625|479|4
625|200|3
625|300|3
625|705|3
625|597|2
625|135|5
625|50|5
625|97|4
625|165|3
625|197|5
625|652|4
625|515|4
625|486|3
625|732|3
625|198|4
625|70|3
625|961|4
645|748|1
645|69|4
645|179|5
645|675|4
645|1018|3
645|197|5
645|175|5
645|512|5
645|523|5
645|658|4
645|200|5
645|81|4
645|434|4
645|55|3
645|286|4
645|59|5
645|87|4
645|403|3
645|956|4
645|203|4
645|91|3
645|518|5
645|168|4
645|627|2
645|183|4
645|228|3
645|209|5
645|640|4
645|188|4
645|70|4
645|474|5
645|28|4
645|433|4
645|963|4
645|4|4
645|488|4
645|430|5
645|73|3
645|211|4
645|11|4
645|447|3
645|483|5
645|216|4
645|427|5
645|134|5
645|660|3
645|673|3
645|268|4
645|664|4
645|513|5
645|239|3
645|772|3
645|65|4
645|616|3
645|212|4
645|243|1
645|186|4
645|319|3
645|173|4
645|558|4
645|89|4
645|32|5
645|514|5
645|469|5
645|709|3
645|22|4
645|318|5
645|340|4
645|191|5
645|172|4
645|960|4
645|258|3
645|208|5
645|47|4
645|656|4
645|214|4
645|708|3
645|174|4
645|496|3
645|435|4
645|98|4
645|180|4
645|367|3
645|61|5
645|60|5
645|96|3
645|482|4
645|641|5
645|64|3
645|72|3
645|1159|4
645|654|5
645|30|4
645|506|5
645|955|4
645|185|5
645|50|4
645|653|5
645|182|5
645|301|2
645|177|4
645|23|5
645|746|4
645|521|4
645|92|3
645|56|3
645|48|4
645|46|5
645|288|3
645|135|5
645|194|4
645|39|3
645|181|4
645|195|4
645|357|5
645|428|4
645|674|3
645|198|3
645|959|4
645|202|3
645|184|3
645|650|5
661|183|4
661|132|5
661|131|3
661|480|5
661|97|4
661|118|4
661|527|4
661|313|4
661|178|4
661|443|4
661|436|4
661|727|4
661|425|4
661|676|4
661|95|5
661|52|4
661|357|4
661|1045|3
661|531|4
661|408|5
661|216|5
661|237|4
661|168|5
661|428|4
661|423|4
661|501|4
661|310|2
661|709|4
661|222|3
661|238|4
661|200|3
661|603|3
661|48|4
661|514|3
661|196|3
661|506|3
661|117|4
661|498|5
661|69|4
661|272|4
661|28|5
661|173|4
661|647|4
661|427|4
661|615|4
661|79|5
661|161|4
661|70|4
661|166|5
661|191|4
661|751|4
661|194|5
661|684|3
661|209|4
661|189|4
661|215|3
661|300|3
661|144|5
661|568|4
661|433|5
661|71|4
661|972|3
661|230|4
661|8|5
661|219|2
661|538|3
661|172|5
661|749|2
661|1035|3
661|140|3
661|165|5
661|175|2
661|181|5
661|174|5
661|135|5
661|192|4
661|249|3
661|197|4
661|707|5
661|318|5
661|418|4
661|274|4
661|657|4
661|170|4
661|258|4
661|64|4
661|304|2
661|210|5
661|280|3
661|756|3
661|573|3
661|631|3
661|89|5
661|1|5
661|515|5
661|185|5
661|228|5
661|164|4
661|86|4
661|96|4
661|294|4
661|204|5
661|199|5
661|179|4
661|496|5
661|652|2
661|566|4
661|195|5
661|180|5
661|471|4
661|298|3
661|31|3
661|121|2
661|58|4
661|50|5
661|665|3
661|218|3
661|169|5
661|255|3
661|145|1
661|762|2
671|947|3
671|250|5
671|385|5
671|204|5
671|233|4
671|581|2
671|23|4
671|188|2
671|748|3
671|628|3
671|53|3
671|1222|3
671|1239|3
671|258|5
671|685|5
671|578|3
671|576|5
671|182|4
671|405|3
671|298|4
671|720|3
671|1073|3
671|241|5
671|327|1
671|986|2
671|925|3
671|591|3
671|177|4
671|356|3
671|554|4
671|29|3
671|1217|4
671|510|3
671|54|3
671|1215|3
671|559|4
671|231|3
671|597|4
671|431|2
671|33|5
671|5|2
671|4|5
671|96|5
671|684|3
671|144|4
671|742|5
671|161|5
671|864|3
671|12|5
671|568|5
671|770|2
671|147|1
671|117|3
671|31|2
671|27|3
671|201|3
671|257|5
671|226|3
671|79|2
671|68|3
671|222|1
671|234|4
671|802|3
671|56|1
671|779|3
671|265|3
671|88|4
671|22|4
671|472|5
671|50|5
671|159|5
671|566|4
671|1597|1
671|1109|2
671|17|4
671|181|5
671|210|5
671|679|3
671|176|2
671|686|3
671|455|4
671|203|3
671|849|3
671|1491|1
671|550|3
671|184|3
671|89|5
671|810|2
671|838|3
671|379|3
671|174|5
671|570|3
671|546|5
671|288|5
671|511|3
671|123|5
671|62|5
671|11|4
671|66|5
671|451|4
671|443|3
671|583|3
671|38|5
671|452|4
671|121|4
671|2|4
671|7|5
671|654|3
671|526|2
671|55|3
671|172|5
671|219|3
671|237|5
671|98|4
671|562|5
671|118|5
671|255|5
671|841|2
671|504|4
671|1303|3
671|553|5
671|82|4
671|273|4
671|195|5
682|924|5
682|735|4
682|623|3
682|215|4
682|265|3
682|325|4
682|68|5
682|352|1
682|92|5
682|351|4
682|1303|2
682|1118|3
682|780|3
682|655|5
682|509|2
682|1045|3
682|164|3
682|1107|2
682|333|4
682|1089|2
682|597|1
682|357|3
682|94|3
682|443|3
682|940|2
682|1074|4
682|293|4
682|50|5
682|541|3
682|122|3
682|1220|4
682|97|4
682|273|4
682|658|4
682|1428|3
682|69|4
682|191|3
682|399|4
682|51|5
682|182|4
682|80|1
682|1305|3
682|763|4
682|1016|2
682|742|3
682|379|4
682|546|3
682|157|4
682|70|4
682|188|4
682|651|4
682|222|4
682|581|2
682|124|2
682|1437|2
682|29|2
682|748|3
682|356|3
682|573|4
682|291|1
682|697|4
682|737|3
682|327|3
682|412|1
682|317|4
682|205|3
682|75|4
682|554|3
682|1091|3
682|723|1
682|862|1
682|673|3
682|1222|3
682|9|3
682|1655|2
682|447|2
682|761|4
682|83|3
682|204|3
682|1232|2
682|942|2
682|3|3
682|802|2
682|410|3
682|809|2
682|127|5
682|808|4
682|15|4
682|41|3
682|1440|2
682|304|1
682|556|2
682|66|3
682|87|5
682|572|4
682|323|2
682|834|3
682|328|3
682|181|5
682|272|5
682|1028|3
682|806|3
682|520|4
682|465|3
682|1048|3
682|252|3
682|1410|3
682|259|3
682|240|4
682|687|2
682|570|2
682|423|5
682|167|2
682|38|3
682|549|3
682|150|4
682|977|3
682|100|3
682|79|4
682|294|3
682|282|4
682|476|1
682|11|4
682|53|2
682|21|4
682|419|3
682|238|3
682|7|4
682|31|3
682|64|5
682|699|3
682|281|3
682|779|3
682|190|4
682|710|3
682|619|3
682|654|4
682|582|1
682|358|3
682|366|4
682|568|3
682|4|3
682|518|4
682|339|2
682|420|3
682|125|4
682|12|5
682|234|3
682|578|3
682|173|4
682|724|4
682|17|3
682|201|4
682|56|4
682|154|5
682|254|2
682|218|3
682|772|4
682|121|4
682|47|1
682|566|3
682|384|2
682|386|2
682|659|1
682|991|2
682|720|4
682|576|4
682|959|4
682|89|4
682|1090|2
682|257|2
682|255|3
682|455|4
682|1035|3
682|185|4
682|1011|4
682|467|3
682|72|3
682|1231|2
682|233|2
682|96|4
682|58|3
682|67|4
682|217|4
682|1084|2
682|946|4
682|1188|3
682|249|3
682|274|4
682|948|2
682|25|4
682|881|3
682|98|4
682|151|5
682|393|4
682|135|4
682|246|5
682|26|3
682|631|3
682|471|3
682|890|2
682|380|4
682|552|3
682|276|3
682|156|5
682|22|5
682|433|3
682|685|3
682|55|4
682|657|4
682|231|1
682|153|3
682|762|3
682|5|3
682|258|3
682|268|5
682|1079|3
682|299|4
682|660|2
682|943|3
682|683|2
682|179|4
682|108|3
682|542|2
682|551|2
682|232|3
682|2|3
682|627|4
682|163|3
682|475|3
682|109|3
682|451|3
682|824|1
682|849|2
682|186|4
682|385|3
682|243|1
682|148|3
682|175|3
682|769|2
682|223|1
682|211|4
682|591|3
682|239|3
682|1217|3
682|271|4
682|790|3
682|696|4
682|229|4
682|427|4
682|562|2
682|801|3
682|1067|3
682|628|4
682|1178|1
682|678|1
682|866|2
682|184|4
682|559|4
682|941|4
682|405|2
682|183|3
682|210|4
682|111|3
682|86|2
682|820|3
682|738|3
682|196|5
682|713|3
682|290|1
682|833|1
682|195|4
682|1093|3
682|708|3
682|719|2
682|925|3
682|250|4
682|1135|2
682|187|5
682|363|2
682|585|4
682|558|1
682|88|4
682|781|2
682|95|5
682|362|2
682|823|2
682|395|3
682|1225|4
682|298|4
682|583|2
682|219|2
682|202|4
682|228|4
682|226|3
682|248|3
682|39|4
682|263|1
682|553|3
682|192|3
682|686|4
682|876|3
682|318|4
682|716|2
682|245|3
682|932|1
682|28|3
682|237|3
682|1047|3
682|732|3
682|684|3
682|1039|4
682|729|3
682|174|4
682|241|4
682|672|2
682|159|3
682|128|4
682|895|4
682|76|3
682|158|2
682|161|3
682|1132|3
682|468|5
682|365|3
682|49|3
682|775|1
682|23|4
682|752|4
682|625|3
682|280|3
682|797|2
682|693|3
682|300|2
682|378|3
682|922|3
682|756|2
682|77|3
682|472|3
682|774|4
682|367|3
682|550|2
682|143|3
682|144|3
682|346|2
682|235|1
682|82|4
682|1019|5
682|48|4
682|1228|1
682|721|4
682|180|3
682|27|3
682|172|5
682|1153|3
682|288|4
682|527|3
682|216|4
682|332|4
682|431|4
682|1267|3
682|540|2
682|403|3
682|728|3
682|42|5
682|284|4
682|765|4
682|209|3
682|692|3
682|1221|3
682|24|4
682|54|4
682|168|5
682|944|3
682|117|4
682|81|3
682|586|1
682|401|1
682|147|1
682|62|3
682|65|3
682|804|3
682|1311|3
682|33|4
682|1478|3
682|8|3
682|783|2
682|176|4
682|722|4
682|999|2
682|1046|3
682|85|3
682|746|3
682|717|3
682|470|5
682|73|5
682|1|4
682|1012|4
682|71|5
698|1063|2
698|568|2
698|512|4
698|83|5
698|497|3
698|50|5
698|168|3
698|529|5
698|95|3
698|478|4
698|210|5
698|177|1
698|485|4
698|751|3
698|491|2
698|603|4
698|659|3
698|307|4
698|275|4
698|656|1
698|255|3
698|705|4
698|190|5
698|1149|3
698|194|4
698|230|3
698|513|2
698|421|2
698|222|4
698|434|4
698|489|3
698|205|4
698|220|3
698|284|1
698|191|2
698|153|2
698|1299|2
698|330|4
698|507|4
698|144|2
698|505|2
698|283|2
698|968|1
698|465|3
698|433|4
698|294|4
698|654|1
698|511|2
698|625|3
698|258|3
698|482|2
698|199|2
698|588|4
698|648|4
698|172|5
698|176|4
698|480|2
698|486|4
698|1021|1
698|96|4
698|204|2
698|173|5
698|423|2
698|606|2
698|662|2
698|427|1
698|525|1
698|428|1
698|1115|2
698|175|3
698|131|4
698|25|2
698|143|3
698|1|4
698|499|3
698|257|3
698|404|1
698|487|2
698|100|2
698|181|3
698|9|3
698|709|4
698|479|2
698|431|1
698|483|3
698|202|3
698|198|2
698|300|4
698|855|2
698|490|3
698|707|2
698|1020|2
698|435|3
698|183|3
698|89|4
698|10|4
698|127|4
698|613|5
698|481|3
698|28|2
698|195|4
698|187|2
698|135|3
698|357|4
698|22|1
698|211|2
698|516|2
698|945|2
698|132|4
698|640|2
698|385|4
698|228|3
698|526|2
698|498|4
698|214|1
698|419|3
698|607|2
698|174|3
698|121|2
698|133|2
698|988|1
698|66|3
698|496|3
698|663|1
698|515|4
698|86|2
698|134|3
800|742|4
800|127|4
800|118|3
800|864|4
800|457|2
800|304|3
800|257|4
800|1047|3
800|597|4
800|125|3
800|276|3
800|300|4
800|751|4
800|292|5
800|294|3
800|289|4
800|222|4
800|25|4
800|223|5
800|476|3
800|121|4
800|237|4
800|181|4
800|275|4
800|50|4
800|15|4
800|405|4
800|1|4
864|71|3
864|408|5
864|53|4
864|642|3
864|50|5
864|273|5
864|168|4
864|708|3
864|208|4
864|1446|3
864|566|4
864|693|4
864|227|4
864|54|4
864|1531|3
864|70|4
864|526|4
864|11|5
864|775|1
864|716|2
864|134|5
864|219|4
864|892|3
864|22|5
864|722|2
864|966|4
864|13|4
864|386|3
864|163|4
864|222|4
864|173|5
864|603|4
864|123|4
864|215|4
864|245|4
864|124|5
864|1135|3
864|349|4
864|98|5
864|294|4
864|951|3
864|1119|3
864|176|5
864|7|5
864|720|3
864|217|4
864|356|4
864|132|5
864|64|5
864|422|3
864|511|4
864|1210|2
864|483|5
864|276|5
864|623|3
864|56|5
864|794|3
864|476|2
864|140|3
864|216|4
864|382|3
864|1228|3
864|99|3
864|87|5
864|234|4
864|161|4
864|969|4
864|2|4
864|747|3
864|780|2
864|1217|3
864|137|4
864|184|4
864|238|5
864|44|4
864|1047|3
864|250|3
864|1|5
864|218|4
864|47|5
864|182|3
864|588|3
864|210|4
864|710|2
864|31|4
864|496|5
864|144|5
864|94|4
864|91|5
864|12|5
864|102|4
864|419|4
864|501|3
864|178|4
864|63|3
864|229|4
864|100|5
864|628|4
864|466|4
864|770|3
864|541|2
864|93|3
864|471|5
864|658|2
864|1016|4
864|38|3
864|181|5
864|191|4
864|231|3
864|67|4
864|789|4
864|48|5
864|562|4
864|43|3
864|523|4
864|432|2
864|209|3
864|1303|2
864|86|4
864|391|4
864|578|3
864|596|4
864|1412|1
864|114|5
864|1101|4
864|62|4
864|202|5
864|29|4
864|106|3
864|317|4
864|286|5
864|568|4
864|577|3
864|136|4
864|72|4
864|972|2
864|405|5
864|401|4
864|290|3
864|561|4
864|423|5
864|663|4
864|237|4
864|692|2
864|629|3
864|735|5
864|9|5
864|25|4
864|569|3
864|275|4
864|472|4
864|65|3
864|55|4
864|196|4
864|239|4
864|5|4
864|399|4
864|96|5
864|800|1
864|197|4
864|755|4
864|660|4
864|715|4
864|732|4
864|118|4
864|174|5
864|655|4
864|433|3
864|214|2
864|609|3
864|188|3
864|109|5
864|1112|2
864|95|5
864|939|4
864|546|4
864|993|4
864|443|4
864|282|3
864|549|3
864|542|4
864|684|4
864|85|2
864|805|4
864|1044|3
864|470|4
864|651|5
864|28|5
864|203|5
864|133|5
864|82|5
864|52|4
864|717|3
864|73|5
864|128|4
864|116|4
864|69|5
864|283|5
864|186|4
864|736|5
864|145|4
864|333|5
864|66|3
864|367|5
864|157|4
864|1248|3
864|226|3
864|403|5
864|159|4
864|223|5
864|591|4
864|318|5
864|169|5
864|474|4
864|404|4
864|127|4
864|49|3
864|559|4
864|194|4
864|678|4
864|81|3
864|164|4
864|625|4
864|563|3
864|232|4
864|258|5
864|235|5
864|665|3
864|393|3
864|58|5
864|509|5
864|225|3
864|380|3
864|24|5
864|77|4
864|394|3
864|288|5
864|200|4
864|597|4
864|1284|3
864|111|3
864|473|4
864|465|3
864|195|4
864|97|4
864|15|4
864|257|4
864|729|4
864|143|4
864|117|4
864|172|5
864|451|4
864|228|5
864|781|3
864|1033|2
864|343|5
864|167|4
864|357|5
864|402|3
864|930|3
864|1109|4
864|531|5
864|768|3
864|79|5
864|373|2
864|797|3
864|672|2
864|201|5
864|1140|1
864|108|3
864|1425|2
864|230|2
864|121|4
864|204|5
864|183|4
864|189|4
864|88|4
864|8|5
864|742|4
864|125|4
864|1208|2
864|153|5
864|619|3
864|190|4
864|328|5
864|4|4
864|265|5
864|734|3
864|673|3
864|550|4
864|801|3
864|418|3
864|151|5
864|685|4
868|204|2
868|1031|1
868|398|1
868|738|2
868|562|2
868|206|5
868|1480|1
868|568|1
868|581|2
868|1|4
868|91|3
868|89|4
868|448|2
868|160|4
868|1035|1
868|265|3
868|73|1
868|358|2
868|109|3
868|183|5
868|173|4
868|452|2
868|232|1
868|101|4
868|403|2
868|1028|3
868|651|5
868|176|4
868|202|3
868|474|4
868|615|4
868|179|4
868|122|3
868|151|5
868|209|4
868|167|1
868|423|2
868|121|2
868|188|3
868|96|2
868|225|1
868|427|4
868|501|3
868|210|5
868|524|3
868|273|3
868|417|1
868|919|4
868|117|2
868|81|4
868|98|4
868|662|2
868|150|5
868|195|2
868|178|5
868|419|3
868|219|2
868|455|5
868|449|3
868|240|5
868|436|3
868|156|3
868|621|2
868|229|3
868|470|1
868|136|5
868|412|5
868|50|5
868|567|1
868|475|4
868|228|5
868|201|2
868|198|5
868|1098|5
868|159|2
868|825|1
868|180|4
868|56|3
868|214|3
868|233|2
868|408|5
868|227|1
868|184|3
868|189|5
868|922|5
868|447|2
868|23|5
868|658|3
868|402|1
868|208|3
868|47|2
868|59|4
868|132|4
868|685|1
868|998|2
868|90|3
868|187|4
868|410|3
868|128|5
868|94|1
868|181|5
868|480|4
868|739|2
868|217|2
868|746|2
868|164|2
868|153|2
868|382|4
868|783|1
868|1509|1
868|579|1
868|636|3
868|239|3
868|139|1
868|145|1
868|200|3
868|854|4
868|218|3
868|496|2
868|367|2
868|162|3
868|216|2
868|237|1
868|640|5
868|1285|2
868|451|2
868|843|1
868|426|4
868|946|1
868|61|5
868|506|4
868|556|3
868|646|5
868|142|1
868|434|3
868|64|5
868|432|2
868|709|4
868|24|2
868|193|2
868|169|5
868|127|4
868|726|2
868|498|3
868|778|2
868|509|3
868|68|2
868|1206|3
868|69|2
868|161|2
868|67|3
868|191|3
868|158|1
868|732|3
868|631|4
868|503|3
868|154|3
868|566|1
868|433|4
868|747|2
868|1037|1
868|755|4
868|82|2
868|114|5
868|1188|1
868|317|5
868|550|4
868|207|3
868|547|3
868|429|2
868|327|4
868|378|2
868|1240|5
868|55|5
868|520|4
868|679|3
868|95|2
868|100|5
868|7|5
868|133|2
868|222|3
868|234|4
868|710|3
868|588|1
868|1076|1
868|589|4
868|80|2
868|12|5
868|65|2
868|155|2
868|655|4
868|2|2
868|168|3
868|578|2
868|199|5
868|135|5
868|186|2
868|174|5
868|268|4
868|230|3
868|238|4
868|1183|1
868|762|4
868|727|2
868|211|3
868|385|2
868|172|5
868|405|1
927|222|5
927|138|4
927|501|4
927|294|5
927|24|3
927|228|5
927|380|5
927|15|5
927|456|2
927|7|3
927|367|5
927|274|1
927|421|4
927|79|3
927|41|4
927|1089|5
927|560|2
927|780|1
927|230|5
927|67|4
927|125|4
927|739|3
927|69|4
927|288|5
927|240|3
927|300|5
927|1229|3
927|1093|4
927|105|1
927|393|5
927|449|4
927|237|4
927|158|2
927|410|1
927|763|4
927|866|4
927|405|5
927|422|4
927|72|5
927|623|3
927|257|5
927|417|4
927|738|3
927|1014|3
927|395|3
927|401|2
927|227|2
927|625|3
927|95|5
927|403|4
927|588|5
927|143|3
927|1035|4
927|420|5
927|815|3
927|542|2
927|541|5
927|29|5
927|255|4
927|471|4
927|168|4
927|154|3
927|768|4
927|121|5
927|928|4
927|132|2
927|82|2
927|775|3
927|374|4
927|278|1
927|11|5
927|535|3
927|111|4
927|25|3
927|195|4
927|56|4
927|477|3
927|412|1
927|761|3
927|71|5
927|1415|4
927|755|5
927|64|5
927|568|5
927|1016|5
927|1095|2
927|63|4
927|826|4
927|8|4
927|411|4
927|328|4
927|118|5
927|552|4
927|155|4
927|404|4
927|402|4
927|722|3
927|756|4
927|204|4
927|409|4
927|819|3
927|174|3
927|96|5
927|385|4
927|217|1
927|820|4
927|1047|4
927|229|3
927|1|5
927|426|4
927|1178|2
927|210|5
927|571|3
927|1284|4
927|742|5
927|99|2
927|38|5
927|94|2
927|91|4
927|28|4
